   34.34,  -33.80,  -16.41
   14.40,  -46.00,  -18.70
  -31.98,  -35.41,  -21.58
  -45.18,  -17.55,   18.89
  -25.78,   24.03,   37.49
   27.70,   29.31,   27.83
   47.88,   -0.74,    8.03
   23.65,   36.98,   26.16
    0.96,  -37.26,   36.02
  -21.29,  -46.21,    6.53
  -48.82,    5.86,  -18.25
  -11.33,   48.04,  -12.56
   43.36,   28.28,    6.28
   47.61,  -10.76,    3.68
   40.63,   -7.69,  -27.30
    3.73,  -46.47,  -18.63
  -15.33,  -25.49,  -41.04
  -10.74,  -27.23,  -42.95
  -14.69,  -11.72,  -53.56
   39.73,  -38.89,  -12.59
   10.07,   24.64,   38.08
  -45.41,   -3.39,   19.88
  -13.18,   21.99,  -47.84
   45.40,   26.16,   -8.97
   38.04,   -0.96,   22.96
   33.12,   -1.98,   36.17
  -18.75,  -37.95,   26.46
  -25.07,  -38.87,  -18.40
  -38.50,  -16.37,  -29.88
  -35.61,   10.71,  -36.10
   20.49,   10.04,  -42.19
   44.61,  -11.30,    9.17
   16.62,   14.43,   50.34
   30.59,   41.29,  -24.81
   19.73,   51.53,  -18.94
  -19.98,  -19.34,   52.12
  -28.53,  -22.10,  -35.85
   -6.81,   25.99,  -48.13
    1.39,   35.21,  -45.25
   22.96,   17.44,  -45.73
   48.37,    2.20,  -16.73
   11.30,   24.59,  -28.76
    8.45,   22.86,  -14.80
  -13.76,   33.40,  -37.52
  -51.63,    4.47,  -13.68
  -37.62,   -8.02,   36.38
  -35.24,  -12.07,   37.53
  -41.33,   36.51,    4.52
  -38.49,    1.49,  -38.83
  -33.07,  -40.44,    3.90
  -18.89,   11.26,   51.32
    7.84,   46.14,   29.42
    0.67,   47.90,  -13.98
  -26.83,   37.80,  -20.64
  -34.49,   23.08,   26.63
   33.75,  -14.95,   27.81
   44.47,  -13.02,    6.00
   46.56,   -1.89,   -0.16
   28.57,   28.04,   23.78
   -0.45,  -41.19,   34.82
  -43.78,  -25.36,    9.92
  -38.86,   23.01,  -33.07
  -16.54,   44.16,  -25.02
  -21.18,   44.89,  -18.64
    7.27,   32.96,   36.25
   45.44,  -20.53,   21.71
  -14.23,  -52.13,   10.78
  -26.73,  -41.12,   22.05
  -54.01,   -6.36,    4.35
  -39.50,   -1.78,   34.77
  -15.99,   25.99,   33.71
    2.12,   22.08,   39.08
   42.24,   26.93,  -20.98
   32.92,   19.78,  -40.21
   -4.24,    7.55,  -57.55
   -2.94,   31.75,  -50.31
   45.50,   31.30,   14.27
   10.85,  -28.21,   43.08
  -45.70,  -11.76,   26.50
  -47.59,  -18.96,  -21.33
   23.23,  -55.10,   -4.42
   42.20,    8.34,   39.34
   24.92,   48.10,   16.92
   30.86,   12.38,  -37.62
   -1.38,  -12.13,  -50.69
  -21.82,   17.09,  -44.44
   -2.97,   51.10,  -25.52
   52.80,  -15.55,    6.78
    6.83,  -49.31,  -39.10
  -31.51,  -18.74,   52.84
    8.13,   56.65,   29.73
   50.35,   25.31,   -0.35
   38.21,  -12.93,   25.76
  -23.39,  -24.27,   39.01
  -47.01,  -23.42,   -9.71
   -9.66,   -4.54,  -52.37
   52.28,    5.10,  -15.00
   42.58,  -17.99,   24.70
    6.36,  -43.80,   29.89
  -27.90,  -33.71,   28.60
  -51.73,  -11.91,    3.66
  -42.93,   24.31,   40.24
   56.20,   26.70,    5.23
   45.85,  -32.94,   -7.00
    2.95,  -46.98,   20.85
   -0.91,  -50.72,   -4.19
   30.61,  -24.13,  -13.45
   39.90,  -14.31,  -25.33
   34.47,  -36.86,  -16.53
   28.30,   23.96,  -59.49
   62.80,    9.72,  -13.67
   -4.58,   21.11,   48.81
  -52.26,    3.37,   12.81
  -48.96,  -17.15,   22.44
  -39.94,  -13.27,   38.21
  -13.47,   -3.74,   56.18
   -4.80,   55.14,   19.75
   27.21,   18.78,  -49.06
   49.91,  -13.96,   17.23
   -6.68,   46.71,   21.87
  -41.36,   33.33,  -15.83
  -54.76,   15.11,    7.60
  -47.65,  -18.25,   24.56
   12.54,   49.25,   30.91
   -0.46,   55.05,   21.10
   27.72,   30.03,   40.53
  -39.21,  -44.81,   -8.17
  -50.66,   13.17,   24.50
   -5.68,   28.96,   45.06
    3.01,   10.40,   53.06
   24.35,   20.12,   43.39
   57.03,   -3.77,   16.08
   27.02,  -45.05,  -33.18
  -36.55,  -37.21,  -30.17
  -56.23,  -23.74,   -1.82
  -44.12,    6.53,   39.75
   20.57,  -18.12,   46.49
   42.83,  -38.79,   -9.77
    6.82,   -0.87,  -64.22
  -50.87,    6.16,  -32.38
  -40.91,  -12.21,  -44.53
  -46.68,  -28.76,  -22.76
  -37.83,  -18.10,  -42.48
   26.53,   -6.41,  -49.14
   38.53,  -33.88,  -21.82
  -44.12,  -23.55,  -29.90
  -56.18,   -3.36,  -22.73
  -54.94,   21.51,   -5.85
  -47.48,   38.53,    5.91
    3.83,   55.93,   21.67
    7.19,   24.83,  -51.90
  -32.95,   43.58,  -25.95
   27.75,   49.65,    7.08
   29.88,  -31.94,   41.59
   -2.80,  -57.67,   14.72
  -56.58,  -17.40,    4.59
  -50.19,  -11.41,   28.07
  -25.80,  -22.33,   43.38
   29.53,   -3.69,   42.16
   52.53,   -6.23,    3.47
  -31.62,   19.91,   44.33
   22.62,   10.00,   52.14
   12.43,   39.85,   33.88
  -48.56,   25.08,    3.61
  -54.61,  -14.46,   -0.40
  -48.93,   -2.08,   25.88
  -34.52,   47.65,   -3.72
  -38.21,   31.09,  -29.84
   16.85,   19.88,  -50.77
   45.69,  -34.33,    4.77
   29.70,  -12.79,   46.54
  -15.27,   49.02,   21.62
  -49.19,   10.93,  -21.73
  -27.36,  -27.65,  -39.17
  -52.25,  -12.78,    9.99
  -37.97,   24.54,   37.88
    9.50,   58.59,    3.94
   25.74,   25.21,  -39.03
   21.78,  -27.34,  -38.92
  -49.20,  -27.18,    5.87
  -41.72,  -26.35,   28.71
  -41.82,    0.48,   41.99
   -9.31,  -29.63,   45.39
  -43.04,  -34.67,   -1.68
  -17.85,   30.14,  -41.64
   41.37,   35.07,   12.60
   44.86,  -25.18,   16.05
   27.29,  -41.59,   13.20
  -12.14,  -36.29,  -40.76
  -46.27,   -7.06,  -36.72
  -35.37,  -18.37,  -46.28
   15.94,  -57.14,  -29.00
   38.90,  -49.08,    4.93
  -37.65,  -38.96,   16.70
  -52.87,   20.44,  -24.88
   42.68,   34.69,  -38.79
   51.61,  -27.92,    3.58
  -34.45,  -19.39,   40.30
  -41.16,  -17.76,  -36.31
  -33.20,  -34.80,  -35.71
    2.62,  -58.93,   15.61
    6.27,   24.69,   58.07
   49.40,   35.40,    7.41
   50.34,    2.44,   26.05
   -8.57,   45.53,   29.06
  -53.56,   15.15,   21.04
  -11.29,   39.47,   45.21
   24.44,   46.47,   24.99
   41.73,  -23.54,  -30.74
    2.80,  -51.03,   22.02
  -14.12,  -55.14,  -11.78
   36.22,  -47.85,   22.58
   23.37,   37.26,   52.65
  -55.96,    3.19,   18.21
   17.51,   62.87,  -19.39
   66.46,  -11.42,  -11.08
   11.12,  -47.53,   37.50
  -15.85,  -53.52,  -12.13
   19.57,  -56.15,  -15.14
   53.55,  -30.87,   16.50
  -27.99,  -31.90,   42.97
  -58.85,    5.17,   10.93
  -50.22,   10.28,  -22.62
  -43.67,   32.48,   -8.25
   -1.38,   22.78,   47.60
   26.19,  -23.33,   40.73
   37.50,  -31.17,  -32.74
   24.31,   46.13,  -27.88
   45.49,  -38.23,   28.98
   -8.63,  -64.09,   23.42
  -56.24,   12.17,   15.40
  -53.14,   27.14,   17.21
  -58.12,   -3.07,    7.17
   -2.22,  -37.83,   44.49
   13.55,    1.33,   60.17
   33.00,   36.77,   -5.36
    8.51,  -51.16,    6.04
  -49.57,  -17.96,   12.78
  -45.36,  -32.32,    9.43
  -10.14,  -42.57,   43.57
    3.44,   14.67,   57.27
   47.55,   33.48,    2.79
   44.18,   -9.66,   28.38
  -28.95,   17.33,   39.42
   14.47,  -49.02,   13.40
   47.62,   18.48,   -5.72
   18.12,   49.22,    6.09
  -55.15,    9.17,    0.06
  -43.06,  -23.32,  -28.45
  -28.05,   -9.87,   43.19
  -54.74,   14.07,  -10.16
  -34.63,   28.59,  -12.27
  -16.34,   36.02,  -12.69
  -48.96,  -12.96,  -23.75
  -20.68,   41.22,   -8.68
  -36.93,   20.98,   24.13
  -42.85,    4.30,   27.75
  -41.50,   26.85,  -33.77
   10.42,  -23.74,  -42.16
  -43.81,  -29.71,   -1.29
  -51.17,   22.94,  -14.72
  -27.63,   25.53,  -24.79
   15.85,  -37.44,  -19.57
  -39.57,  -15.90,  -37.36
   -0.86,   39.95,  -29.61
  -13.39,  -35.18,  -21.55
  -15.55,  -46.05,    2.49
  -46.09,    9.09,   12.75
  -23.54,  -37.16,   -7.02
    8.24,   24.13,  -38.64
  -41.69,  -27.35,   -5.40
  -41.94,  -26.99,   -5.97
   14.03,  -14.31,  -42.86
  -41.07,   27.82,   -2.84
  -48.19,   -4.40,  -21.26
  -25.06,  -40.82,    6.72
  -45.72,  -21.05,    1.12
  -54.42,    0.83,    4.22
  -39.87,   -5.35,  -39.94
  -39.63,   -2.03,   30.90
  -32.15,  -21.05,   31.33
  -38.15,  -28.16,   19.89
  -23.17,  -24.71,  -40.80
   -8.57,   56.36,   10.23
  -14.60,  -40.71,   22.74
  -23.05,   -8.31,  -52.96
  -41.08,  -21.24,  -33.16
  -48.16,  -38.34,   -3.74
   43.98,   16.11,   40.03
  -37.57,    0.79,   39.26
   18.80,   20.32,   46.00
  -32.57,  -36.29,  -22.72
  -44.91,  -26.24,   19.30
  -21.80,    4.34,   45.96
   53.23,  -16.39,   -0.47
   30.21,  -38.67,  -31.03
    5.14,  -34.71,  -44.07
  -46.78,   26.24,  -19.33
  -21.06,  -33.82,   39.47
   21.23,   31.80,   35.84
    3.43,   40.28,  -38.28
